1001000030000000    CA40(D,P)CA41  G.S. LZR      WITH PROTON SPIN ORBIT         
+37.    +00.    +05.
+15+01+03+07
+00.10  +12.
+13.70  +02.    +01.    +40.    +20.    +01.40                  +02.
+01.    -97.40  +01.112 +00.875                 +01.562 +00.477     
-02.            +01.112 +00.875         +70.00  +01.562 +00.477     
+06.141 +01.    +01.    +41.    +20.    +01.25                  +01.  
+01.    -49.47  +01.18  +00.70  +24.2           +01.180 +00.700
-02.            +01.18  +00.70          +19.80  +01.252 +00.750
-08.364 +01.    +00.    +40.    +20.    +01.25                  +01.  
-01.    -01.    +01.18  +00.70  +25.
+00.    +03.    +07.    +01.    +58.                                           
1001000030100000    ZR91 (D,HE3) Y90  28 MEV.  P3/2    HULTHEN FR CORR          
+55.    +00.    +01.6667                                                        
+20+01+01+02                                                                    
+00.1   +00.    +18.            +00.77  +90.                                    
+28.    +02.    +01.    +91.    +40.    +01.30                                  
+02.    +00.    +01.10  +00.80  +00.    +49.9   +01.27  +00.844 +00.            
-01.    -100.   +01.10  +00.80  +00.    +00.    +01.27  +00.844 +00.            
-03.21  +03.    +02.    +90.    +39.    +01.40                                  
-01.    -170.   +01.14  +00.75  +00.    -18.    +01.60  +00.80  +00.            
-08.71  +01.    +01.    +90.    +39.    +01.25                                  
-01.    -01.    +01.25  +00.70  +18.                                            
+01.    +01.    +03.    +01.    +56.77                                          
1212000030000000    TEST OF OPTIONS 1 AND 6 IN CATHEN   
+55.    +00.    +03.3334
+15+02+00+00                                                                    
+00.1   +00.    +15.                                                            
+27.    +01.    +01.    +56.    +26.    +01.25                                  
+01.    -50.    +01.25  +00.65  +00.    +00.    +01.25  +00.47  +00.            
-02.    +00.    +01.25  +00.65  +00.    +40.    +01.25  +00.47  +00.            
+00.    +01.    +01.    +56.    +26.    +01.25                                  
+01.    -50.    +01.25  +00.65  +00.    +00.    +01.25  +00.47  +00.            
-02.    +00.    +01.25  +00.65  +00.    +40.    +01.25  +00.47  +00.            
-01.    +01.    +08.00  +40.0744                                                
-08.    +01.    +00.    +56.    +26.    +01.25                                  
-01.    -01.    +01.25  +00.65  +25.                                            
+01.    +01.    +03.    +01.    +55.                                            
-01.    +06.    +00.00  +01.                                                    
-08.    +01.    +00.    +56.    +26.    +01.25                                  
-01.    -01.    +01.25  +00.65  +25.                                            
+01.    +01.    +03.    +01.    +55.                                            
1011000030000000    FE56(P,P)FE56* L=3-     SPIN ORBIT = OPTION 4               
+37.0000+00.0000+05.0000                                                        
+15+02+03+03                                                                    
+00.1000+00.0000+15.0000                                                        
+22.5000+01.0078+01.0000+56.0000+26.0000+01.2500+00.0000+00.0000+01.0000        
+04.    -28.2   +01.25  +00.735 +00.    +00.    +01.25  +00.735 +00.            
+01.0000-46.3800+01.2500+00.7350+00.    +00.0000+01.2500+00.7350+00.0000        
-02.0000+00.0000+01.2500+00.4370+00.0000+61.4000+01.2500+00.4370+00.0000        
-04.4999+01.0078+01.0000+56.0000+26.0000+01.2500+00.0000+00.0000+01.0000        
+04.    -28.2   +01.25  +00.735 +00.    +00.    +01.25  +00.735 +00.            
+01.0000-46.3800+01.2500+00.7350+00.    +00.0000+01.2500+00.7350+00.0000        
-02.0000+00.0000+01.2500+00.4370+00.0000+61.4000+01.2500+00.4370+00.0000        
+00.0000+01.0000+00.0000+56.0000+26.0000+01.2500+00.0000+00.0000+00.0000        
+02.0000-46.3800+01.2500+00.7350+00.    +00.0000+01.2500+00.7350+00.0000        
-03.0000+00.0000+01.2500+00.4370+00.0000+61.4000+01.2500+00.4370+00.0000        
+00.0000+01.0000+00.0000+56.0000+26.0000+01.2500+00.0000+00.0000+00.0000        
+11.0000-46.3800+01.2500+00.7350+00.    +00.0000+01.2500+00.7350+00.0000        
+00.10    +03.
-12.0000+00.0000+01.2500+00.4370+00.0000+61.4000+01.2500+00.4370+00.0000        
+00.10  +03.    
1222000030000000    FE54(HE3,T)CO54  EX= 1.82 1+,LTR=0,2   COHERENT SUM       
+55.    +00.    +01.6667
+25+02+00+02+02+02                                                              
+00.1   +00.    +15.    +00.    +00.                                            
+37.7   +03.    +02.    +54.    +26.    +01.4   +00.    +00.    +01.            
-01.    -170.6  +01.143 +00.721 +00.    -18.5   +01.599 +00.829 +00.            
-10.071 +03.    +01.    +54.    +27.    +01.4   +00.    +00.    +01.            
-01.    -170.6  +01.143 +00.721 +00.    -18.5   +01.599 +00.829 +00.            
+02.    +03.    +00.7   +10.    +07.    +00.    +02.                            
-13.6   +01.    +00.    +54.    +26.    +01.25  +00.    +00.    +02.            
-01.    -01.    +01.25  +00.65  +25.                                            
+00.    +03.    +07.    +01.    +52.                                            
-04.    +01.    +01.    +54.    +26.    +01.25  +00.    +00.    +02.            
-01.    -01.    +01.25  +00.65  +25.                                            
+00.    +03.    +07.    +01.    +52.                                            
-02.    -01.    +00.7   +10.    +07.    +00.    +02.                            
+02.    +03.    +00.7   +10.    +07.    +00.    +02.                            
-13.6   +01.    +00.    +54.    +26.    +01.25  +00.    +00.    +02.            
-01.    -01.    +01.25  +00.65  +25.                                            
+00.    +03.    +07.    +01.    +52.                                            
-04.    +01.    +01.    +54.    +26.    +01.25  +00.    +00.    +02.            
-01.    -01.    +01.25  +00.65  +25.                                            
+00.    +03.    +07.    +01.    +52.                                            
-02.    -01.    +00.7   +10.    +07.    +00.    +02.                            
1202000030000000    CA40(T,P)  0+  10.1 MEV  ZR-TNT BAYMAN CASE
+55.    +00.    +03.3334
+20+01+00+00
+00.10  -16.00
+10.10  +03.016 +01.    +40.    +20.    +01.24          +00.00  +00.
-01.    -144.   +01.24  +00.678 +00.    -30.    +01.45  +00.841 +00.
+11.35  +01.008 +01.    +42.    +20.    +01.30          +00.00  +00.
+01.    -53.    +01.25  +00.65  +00.    +00.    +01.25  +00.47  +00.
-02.    +00.    +01.25  +00.65  +00.    +62.00  +01.25  +00.47  +00.
-01.    +05.    +00.    +03.118
-09.90  +01.008 +00.    +40.    +20.    +01.25
-01.    -01.    +01.25  +00.65  +25.
+01.    +01.    +03.    +01.    +55.
1202000030000000    TI50(P,T)TI48  0+  19 MEV    .95(F7/2)**2+ .31(P3/2)**2     
+55.    +00.    +01.6667                                                        
+20+01+00+00                                                                    
+00.1   +00.    +15.    +00.                                                    
+19.    +01.    +01.    +50.    +22.    +01.25                  +01.            
+04.    -24.    +00.98  +00.75  +00.                                            
+01.    -54.6   +01.12  +00.78  +00.    -03.2   +01.32  +00.568 +00.            
-02.    +00.    +01.12  +00.78  +00.    +24.    +01.32  +00.568 +00.            
-10.61  +03.    +01.    +48.    +22.    +01.3                   +01.            
-01.    -165.4  +01.16  +00.752 +00.    -16.4   +01.498 +00.817 +00.            
+01.    +05.    +00.    +00.95                                                  
-09.55  +01.    +00.    +48.    +22.    +01.25                                  
-01.    -01.    +01.25  +00.65  +25.                                            
+00.    +03.    +07.    +01.    +55.                                            
-01.    +05.    +00.    +00.31                                                  
-09.55  +01.    +00.    +48.    +22.    +01.25                                  
-01.    -01.    +01.25  +00.65  +25.                                            
+01.    +01.    +03.    +01.    +55.                                            
1011000030000000    O16(D,P)O17  D3/2+   UNBOUND STRIPPPING  RMAX= 15 FM        
+55.    +00.    +03.3334                                                        
+16+01+02+03                                                                    
+00.10  +00.    -15.                                                            
+12.    +02.    +01.    +16.    +08.    +01.25                  +02.            
+01.    -85.3   +01.25  +00.606 +00.    +00.    +00.958 +01.578 +00.            
-02.    +00.    +01.25  +00.606 +00.    +51.00  +00.958 +01.578 +00.            
-03.17  +01.    +01.    +17.    +08.    +01.25  +00.            +01.            
+01.    -57.32  +01.25  +00.425 +00.    +00.    +01.207 +00.254 +00.            
-02.    +00.    +01.25  +00.425 +00.    +30.80  +01.207 +00.254 +00.            
+00.933 +01.    +00.    +16.    +08.    +01.25                  +01.            
-01.    -01.    +01.325 +00.50  +34.00                                          
+00.    +02.    +03.    +01.    +51.30  +00.    +00.00                          
9                    END OF DATA  DWUCK4 test cases
